CPC:	86552.66544417277
CPM:	68892.7612732302
avg ctr:	0.0007959634855805408
counter:	14_2_6_57_19494_49180_11832_15145_16247_11785_37796_15427_19284_21595_15708_22786_39849_63049_21715_23421_153066_22660_15764_13953_14673_13991_16035_12362_13839_13532_51594_19010_19350_9406_16514_9748_9819_12175_22483_11983_41239_18542_13278_9350_36838_8778_15441_10141_10012_11127_287536_48620_27225_17379_7493_10252_14835_16479_10632_47298_18109_37953_9936_12991_22514_17579_6553_14937_9952_6383_423241_7853_5442_6332_5927_6886_50156_6460_4482_8436_198482_17039_7703_8031_5175_12304_13960_11431_6492_6670_5896_8711_6680_4820_6110_4209_3080_4647_3983_3582_11913_25089_3400_9610_4215_3414_5707_4138_3600_6128_3022_6127_4551_3804_2740_5370_2913_2637_5568_2610_2629_4316_2279_2599_3527_3552_1983_2527_2601_1884_4144_3467_2098_12212_2107_1828_2684_2597_1927_2734_17656_1911_2363_5436_1826_2076_1648_2859_31745_1596_4690_19615_1612_1413_2170_1325_1228_2782_1622_1217_12773_1463_17759_1767_1395_1159_2073_1381_1570_1753_1442_1302_1630_1306_1231_1264_1541_9061_1377_1231_1366_1951_1368_1008_1446_1109_1141_1367_1874_1142_1253_1182_3570_1450_1483_762_1256_863_1009_1041_9525_21170_1185_984_938_997_1099_1023_1624_887_8366_1879_1028_1106_1406_976_1026_1235_1000_908_1473_1819_982_790_831_713_1040_764_981_916_1254_967_1153_834_881_809_1189_976_1079_679_9180_1353_681_601_960_576_866_1156_860_825_2540_1480_915_814_729_1327_873_722_1628_613_985_1160_1076_548_645_663_644_566_694_517_613_829_800_437_959_595_666_626_622_585_3857_592_917_1008_717_460_900_465_632_575_679_459_602_1228_697_1303_715_432_634_656_4976
