CPC:	277696.0642857143
CPM:	93057.67417144991
avg ctr:	0.0003351062047307422
counter:	2_190_2438_993_2728_21450_3319_4750_4453_4793_8768_8081_6184_5465_3779_4018_3842_4808_3984_4993_50540_5956_2887_8682_3392_16555_9357_4283_4627_3662_7455_9079_6428_2875_5731_3282_3008_6149_5351_3132_8641_3195_2753_2681_2568_2340_4448_2225_2056_5211_31516_5801_11625_1981_1934_2073_4002_1657_5344_1679_1714_3475_2547_10146_3946_1932_1528_4626_1526_2125_44329_2731_2437_2731_1754_1517_2512_2049_1377_1310_7526_3076_1854_1195_3369_1716_2731_1189_1187_1637_1295_2514_1919_1015_3467_1802_1441_1476_810_1446_10902_18642_1085_2296_1099_1170_3352_1383_835_1571_1740_2018_4025_1231_2221_2016_977_914_1457_735_2441_2415_2176_1475_1239_1851_1765_1323_777_1096_1096_1006_1074_6279_913_762_1613_2879_748_752_1938_1159_5124_1494_1974_1000_2172_1236_9068_668_3527_4090_794_1129_863_422_2743_1161_731_538_41016_1419_660_706_818_566_9414_1126_595_899_765_787_837_770_2763_977_902_2372_664_463_668_1111_1012_548_946_596_597_815_3386_593_909_2326_2570_691_586_391_715_494_705_1476_2669_27066_749_647_664_543_688_964_483_677_658_822_599_512_1094_420_521_628_495_677_732_6383_425_633_1236_901_684_551_3774_719_456_691_958_811_787_606_625_626_760_518_465_879_424_392_577_514_423_411_469_370_550_751_455_510_414_671_429_366_582_703_7176_493_584_563_389_680_416_657_395_405_489_665_373_557_516_394_398_450_246_214_175_9883_172_286_273_197_471_317_890_331_179_908_783_514_300_0_0_0_0_0_0
