CPC:	297637.4009661836
CPM:	89600.66723190382
avg ctr:	0.0003010396776112283
counter:	3080_2141_5210_1247_4955_29594_3737_3420_4245_2940_4140_4004_6665_5549_3492_2835_5761_3916_3238_3044_70081_4413_3109_3191_3726_2651_3192_2729_2674_3059_4872_6394_3136_2345_4736_2280_3672_2106_3540_2135_5344_4313_2844_1851_2038_2142_5483_2841_2953_1882_17131_14699_8998_2059_1658_2551_3660_2032_2378_2621_3059_3734_2204_8357_3219_1664_1833_3678_1388_1464_18363_2182_2851_1930_1852_1074_2302_1471_1529_1348_2741_2912_2964_1551_2285_2206_3369_1313_2620_1679_2660_2163_1290_938_2987_1003_1808_1420_931_935_6748_13706_1029_2082_1106_887_2194_1001_777_1316_1320_1403_2289_1353_1045_1242_861_949_1198_714_1252_2436_1629_1028_1027_1001_1136_918_734_732_1147_1238_615_4610_611_822_1103_850_573_866_1349_910_5654_2230_1538_996_1830_1103_5719_707_3064_5161_608_523_675_578_1007_895_606_1106_5827_845_624_584_692_542_1722_9045_630_711_705_788_524_609_2495_1552_546_1800_651_595_30209_1187_550_546_717_615_535_929_657_603_776_1310_2215_668_1216_474_701_822_623_745_956_2687_907_699_518_573_721_764_579_834_913_683_848_400_1437_750_424_604_464_399_565_4495_505_1763_474_635_636_421_458_811_374_599_611_514_689_451_444_541_623_575_473_725_561_472_681_399_433_390_445_368_815_869_739_771_543_382_1417_880_929_880_730_1817_2238_630_885_775_1177_838_1044_740_1531_943_1038_517_537_945_722_544_512_405_764_980_446_872_348_934_797_607_403_1128_431_601_437_1041_343_0_0_0_0_0_0
