CPC:	140073.94899169632
CPM:	89283.09469279677
avg ctr:	0.0006373997116201068
counter:	1_5777_13227_1194_2252_18637_4132_5236_5346_5716_10682_9196_7944_6732_6538_6085_6970_5977_5606_6708_55284_7784_5186_8591_5913_9274_6554_6449_6743_5585_7271_175158_8778_5635_7408_6380_14346_8941_6218_4807_5786_5904_14540_5131_4888_4677_4443_4182_4160_4422_30740_9186_9696_4052_3642_4103_4495_4024_5416_3735_3769_5292_3821_3727_4742_3834_3119_6399_3265_3703_49969_5022_3622_3795_2932_3432_10235_4003_2640_2837_7707_4901_2896_5848_3189_3359_8356_2505_2227_2734_3875_4578_2601_2250_4239_2999_2445_2237_1961_1952_18132_20130_2190_3171_2102_1719_3116_12163_1682_2399_2682_3686_2832_1933_2183_2124_1823_1658_1910_1668_2785_3727_2704_2057_1921_2928_4268_2116_1578_1702_1541_1819_2365_4642_2098_1643_2408_2779_1364_1579_2484_1887_4851_2376_1740_1556_2506_1386_8423_1631_6450_5423_1673_2177_1622_1907_4670_1882_1179_2242_39580_2402_1602_2204_1546_1643_5028_3954_1261_1358_1792_3431_1954_1394_4464_2480_1510_2435_1327_1254_38103_1714_1405_1304_1349_1035_1123_1487_1301_1197_1648_4477_2249_1239_1501_1028_1106_1245_999_1334_1803_17318_1373_1150_1764_1394_1421_1154_1066_1254_985_1321_848_921_4447_4576_962_1160_845_1038_1266_4725_969_1104_1272_1627_1146_1037_1129_1026_1034_1015_2331_975_963_1029_1262_1312_782_980_795_1596_892_1514_1058_844_810_789_831_760_1113_1485_754_4680_780_744_810_777_1019_1008_4104_844_765_780_796_1126_880_938_947_865_1223_924_710_816_769_834_837_867_555_723_514_15685_516_538_733_455_924_701_652_521_579_535_503_656_548_0_0_0_0_0_0
