CPC:	14205.679653679654
CPM:	63017.73477533071
avg ctr:	0.004436094316614229
counter:	0_0_0_0_12_4483_36178_2789_2966_3228_3428_3410_3262_3183_3104_3113_3078_3051_3134_3097_3157_3170_2970_2984_3030_2956_3157_2985_2945_2978_14145_3102_3201_3035_2825_2912_2813_2757_2747_2583_2612_2508_2494_2458_2423_2330_2332_2240_2194_2155_2133_2146_2047_1985_1887_1852_1829_1811_1726_1736_1741_1774_1688_2794_1604_1632_1577_1475_1506_1436_1474_1365_1370_1284_1312_1282_1223_1326_1124_1155_1387_1106_1141_1098_1064_1043_1087_1025_1042_1061_998_896_958_950_881_905_912_893_875_817_807_834_825_761_800_692_788_753_775_720_702_715_683_664_655_653_648_652_608_639_564_611_594_629_585_666_613_524_542_581_565_528_535_505_529_510_497_543_464_459_4668_454_521_503_500_473_486_461_479_432_512_418_450_383_415_421_394_415_385_402_386_418_417_393_386_372_373_357_377_339_380_369_378_330_344_320_336_346_304_334_306_342_290_319_304_296_319_303_346_316_277_285_295_331_304_288_284_306_306_264_265_294_267_239_235_258_251_230_277_225_266_222_220_260_243_241_228_201_225_222_227_233_205_216_178_226_212_237_220_217_195_194_202_163_210_204_213_193_184_190_185_193_184_194_200_165_196_197_181_162_184_190_178_183_200_173_174_160_154_164_163_165_188_158_153_149_170_153_130_181_171_155_145_138_140_143_138_115_0_0_0_0_0_0_0_0_0_0_0_0_0_0_0_0_0_0_0_0_0_0_0
