CPC:	118514.79160530191
CPM:	92384.31632095443
avg ctr:	0.0007795171815230319
counter:	1_2141_493_514_7021_25381_4657_7847_6027_7862_5888_20216_8663_5409_16462_9058_5814_7443_19744_2983_16934_7018_32947_4857_19749_9517_5_12640_6169_6266_8067_8582_2125_16059_9384_2752_18514_7069_6549_2921_7118_3381_8830_8553_3497_19153_2993_10818_5935_23799_7322_5690_2533_3423_8194_90427_11093_5488_10718_2081_30608_6052_6428_5156_5744_2587_21704_20745_8641_8769_3707_13316_6776_8034_15810_8975_24838_140993_8600_1977_2321_4288_5842_6107_3221_1791_5490_2814_40109_56465_6690_11228_1596_4713_3637_32708_9058_5111_62_3812_14081_6918_3746_6721_3251_3142_3439_5303_3272_5887_6493_2720_5946_2109_5603_4504_1858_6115_831_33540_2450_5663_2166_4836_10629_172_5465_11201_10244_5659_4233_748_9495_2959_1763_4346_3010_5516_617_4123_4102_4572_6528_875_5422_621_6907_2223_1830_8494_3100_932_5567_4137_3196_2780_2614_7994_523_1447_4551_4194_1804_3237_647_2633_14276_4329_5034_1061_2580_617_1879_1525_2982_1953_1166_17885_461_1245_1897_1757_8354_1092_558_3092_1157_1359_1312_2137_1065_631_2782_1483_1159_1905_2171_2_1122_5526_1182_4323_2106_1600_567_783_2307_1766_3624_3490_1782_953_992_9477_867_1584_3326_269_2118_1223_5981_1352_1530_1196_0_22258_1347_4087_1357_1630_338_2039_1643_8719_1986_1590_22094_304_1935_1621_850_3410_494_1008_280_1096_1741_1403_6551_1314_293_651_1572_1352_814_1941_890_220_1761_1393_7709_1188_1647_419_731_1647_2458_1350_0_0_0_0_0_0_0_0_0_0_0_0_0_0_0_0_0_0_0_0_0_0_0_0_0_0_0_0_0_0_0_0_0
