CPC:	105523.55250481695
CPM:	76924.90383811796
avg ctr:	0.000728983264988226
counter:	4_13_3_8_9262_53610_9531_12233_12340_8242_30069_8318_12054_10369_7863_9265_28741_14747_11094_9174_303191_10986_8728_10585_12151_6711_8768_7128_10719_6368_55492_11401_18882_5424_8441_6156_6889_6693_16288_8941_32969_11874_11232_7158_32433_8266_6965_8822_9422_8913_296548_20721_22015_8852_6285_7452_10455_9570_6669_31177_19989_14029_10133_10168_17454_9486_5778_11276_7505_4825_324685_5863_4740_4488_6062_5285_30199_4587_11724_5300_209579_13417_7943_5178_4478_11468_13129_7705_5512_5264_6133_7566_4520_5568_5639_10705_3009_4683_3571_2963_14059_19363_3505_8376_3228_5003_5124_3339_24556_5758_3117_8495_7748_3431_3715_4983_3322_9591_8386_3855_4684_6113_3022_3062_5533_4346_8479_3414_3310_3116_4992_4746_3396_10346_2702_2464_3710_2309_2922_2827_13886_2660_3918_6704_2059_2485_2315_2775_22448_1897_6785_12366_1713_2094_2704_1884_1766_3298_1923_1750_14908_2587_13303_2592_1985_1941_3011_2249_2059_2647_1935_2571_4811_2043_1634_2414_1889_7635_3772_4124_1636_4569_2630_2707_3323_2686_2093_2244_3447_2169_1597_2717_4297_2380_1578_1638_2990_1606_1169_2292_11522_16288_3235_1708_1988_2206_1479_1136_1693_1760_7170_3343_1504_1905_2780_1181_2732_3091_1272_1435_2036_3895_1934_1551_1861_1037_1815_1256_1183_1558_1408_1388_1495_1225_1362_1441_1190_1303_1463_920_10335_3799_1206_885_1380_922_1054_1538_1138_1038_8038_3131_1058_1748_1233_1329_1297_985_1097_1665_1443_1333_1466_967_918_2088_1040_754_1258_877_790_1937_908_625_1866_1265_955_1127_1099_642_3226_1029_1169_1595_1090_773_3431_919_986_1630_1073_920_1423_987_882_1646_871_720_1084_1196_4128
