CPC:	109158.83437175493
CPM:	81055.88401416474
avg ctr:	0.0007425499226028572
counter:	12_2894_555_663_9961_47878_8778_11996_2757_13435_10481_28979_10783_9523_18102_11715_8351_4913_30552_4888_19224_8710_150315_7331_15228_9184_22_14037_7358_9232_7988_12745_3004_52030_12493_2013_21839_7556_7639_4672_10683_4622_15374_11284_4824_29690_8733_13690_7529_34000_8014_6977_4370_3926_11358_259120_15405_6165_18131_4383_26111_6860_6169_7420_6385_3957_33457_27396_5376_11406_11427_13653_7478_6096_14783_11504_15988_318328_8544_3256_2197_5957_4673_7759_4032_3181_4821_4480_194589_43344_9130_11162_2828_5294_7555_16878_11321_4971_382_5392_12673_5734_4535_4696_3932_8901_3605_6138_3756_4450_5567_2830_9503_2255_4923_6545_1927_4065_1318_19849_2978_5945_2768_4853_9687_145_6179_20791_6956_9860_4563_1112_9085_2985_1366_4369_2889_3927_996_3401_5031_9075_4923_1507_3130_1060_5296_2628_2392_10516_2908_1355_1923_4545_3449_3177_2749_14046_958_2623_7552_1763_2568_2519_1136_2852_22521_2861_8319_2033_1804_1319_1869_2259_2403_2324_1631_20759_1047_641_1976_1730_13315_1446_948_2290_1799_1551_1405_2071_1397_1138_2155_2022_1598_3353_2133_0_1766_7272_1765_2408_4678_1874_922_2056_1427_2006_3281_3236_2753_1562_1176_2928_2717_2915_4879_536_2265_1744_2199_1494_2194_1205_21_11905_2219_2116_1167_1503_564_2220_1641_511_2253_1007_27435_499_2422_1067_1107_2219_1161_1312_454_1814_1265_1660_4601_1359_732_1364_2705_1259_2297_2239_1481_384_1735_1132_1998_1735_1224_813_1564_8095_1484_1255_0_0_0_0_0_0_0_0_0_0_0_0_0_0_0_0_0_0_0_0_0_0_0_0_0_0_0_0_0_0_0_0_0
