CPC:	151984.89191820836
CPM:	79218.25656225257
avg ctr:	0.0005212245477983719
counter:	144_1270_168_241_9253_32925_7777_11051_8097_8172_22086_8168_11465_9491_3327_7278_8595_11954_12954_19590_6647_117601_5966_12153_7592_11732_2587_7505_6068_2824_9826_25545_18377_11170_20558_1995_8558_6663_9616_4543_10136_14548_29381_6265_189_10066_7421_33990_7048_6510_5935_9486_162249_7604_3286_14334_4498_22135_5908_5771_6710_5628_3347_14826_19359_4131_7545_5946_19457_6176_10230_3866_7696_216358_1769_7244_4808_5170_3800_6205_2215_3886_3970_3779_164289_27642_4018_7541_4260_2390_8023_12134_7451_4863_4533_8893_5371_3860_1806_3728_4500_2940_6456_3277_2266_4722_2718_7175_2017_4101_3685_3076_2746_14452_2233_4701_1037_2803_7820_3040_6205_15795_5113_3651_3533_978_7394_2815_2852_2843_2854_2742_3267_4711_92_5169_4693_2221_2150_4483_2118_2071_5015_2065_3427_2616_3253_8577_1752_1654_13617_1593_997_5681_2997_1677_2282_1771_9280_2119_7285_639_1809_1823_1000_2223_1922_1982_8892_6896_622_1643_1746_5651_1407_1448_1901_1689_1443_20_1881_1578_1546_1723_1612_1489_2275_1860_861_3036_2034_1556_2373_1805_878_1354_1386_705_2490_1483_1400_2386_957_2315_1056_3040_416_2210_1276_563_1874_1084_13187_14814_8373_361_1156_2248_1193_1006_1846_1159_1063_1155_0_4182_17512_1454_857_1017_1378_1094_888_557_891_2184_1056_2185_1109_694_1573_798_685_773_1743_843_1522_1036_1842_755_1484_284_5697_947_864_1427_747_1340_672_1329_232_1180_1264_1212_981_1277_885_703_0_0_0_0_0_0_0_0_0_0_0_0_0_0_0_0_0_0_0_0_0_0_0_0_0_0_0_0_0_0_0_0_0
